N	Name	Length	Hydro	Charged	Polar
1	PMM0001	385	46.0	21.3	32.7
2	PMM0002	235	40.4	29.4	30.2
3	PMM0003	779	44.5	21.2	34.3
4	PMM0004	486	43.0	22.4	34.6
5	PMM0005	813	42.2	28.5	29.3
6	PMM0006	284	45.4	26.8	27.8
7	PMM0007	314	37.9	27.7	34.4
8	PMM0008	245	51.8	16.7	31.4
9	PMM0009	209	39.2	30.6	30.1
10	PMM0010	440	45.7	31.4	23.0
11	PMM0011	447	40.9	27.5	31.5
12	PMM0012	459	42.7	26.8	30.5
13	PMM0013	221	50.7	20.8	28.5
14	PMM0014	334	40.7	27.8	31.4
15	PMM0015	164	42.7	23.8	33.5
16	PMM0016	239	34.3	34.3	31.4
17	PMM0017	374	46.0	24.3	29.7
18	PMM0018	77	40.3	33.8	26.0
19	PMM0019	305	39.7	26.2	34.1
20	PMM0020	116	37.9	29.3	32.8
21	PMM0021	296	45.9	20.3	33.8
22	PMM0022	473	39.5	24.3	36.2
23	PMM0023	340	44.4	20.9	34.7
24	PMM0024	328	43.3	25.0	31.7
25	PMM0025	363	46.6	25.1	28.4
26	PMM0026	186	43.5	26.3	30.1
27	PMM0027	168	41.1	24.4	34.5
28	PMM0028	346	45.1	20.2	34.7
29	PMM0029	295	42.7	24.7	32.5
30	PMM0030	96	41.7	18.8	39.6
31	PMM0031	134	35.8	26.9	37.3
32	PMM0032	139	38.8	33.8	27.3
33	PMM0033	170	66.5	8.8	24.7
34	PMM0034	65	46.2	27.7	26.2
35	PMM0035	384	45.1	24.7	30.2
36	PMM0036	372	49.2	22.6	28.2
37	PMM0037	528	47.2	27.5	25.4
38	PMM0038	237	36.3	30.0	33.8
39	PMM0039	202	39.1	27.7	33.2
40	PMM0040	596	46.1	23.0	30.9
41	PMM0041	174	48.9	23.0	28.2
42	PMM0042	600	45.2	23.8	31.0
43	PMM0043	591	44.2	22.8	33.0
44	PMM0044	886	44.4	27.5	28.1
45	PMM0045	648	41.4	25.9	32.7
46	PMM0046	152	48.0	29.6	22.4
47	PMM0047	369	47.7	23.8	28.5
48	PMM0048	490	42.9	29.0	28.2
49	PMM0049	204	41.2	29.4	29.4
50	PMM0050	402	45.3	23.6	31.1
51	PMM0051	223	47.1	19.3	33.6
52	PMM0052	320	40.9	25.0	34.1
53	PMM0053	374	42.5	24.3	33.2
54	PMM0054	128	56.2	19.5	24.2
55	PMM0055	153	46.4	27.5	26.1
56	PMM0056	120	43.3	23.3	33.3
57	PMM0057	1194	39.1	31.6	29.3
58	PMM0058	338	41.1	29.3	29.6
59	PMM0059	429	45.2	22.1	32.6
60	PMM0060	449	47.4	24.1	28.5
61	PMM0061	101	63.4	11.9	24.8
62	PMM0062	46	58.7	15.2	26.1
63	PMM0063	310	34.8	31.6	33.5
64	PMM0064	77	37.7	24.7	37.7
65	PMM0065	660	50.5	19.7	29.8
66	PMM0066	95	45.3	17.9	36.8
67	PMM0067	113	47.8	23.0	29.2
68	PMM0068	201	44.3	28.9	26.9
69	PMM0069	642	41.3	24.8	34.0
70	PMM0070	425	44.0	25.6	30.4
71	PMM0071	405	38.3	24.7	37.0
72	PMM0072	261	45.6	27.6	26.8
73	PMM0073	480	42.7	23.8	33.5
74	PMM0074	120	35.0	30.8	34.2
75	PMM0075	368	40.8	25.8	33.4
76	PMM0076	545	47.5	20.4	32.1
77	PMM0077	429	45.7	24.5	29.8
78	PMM0078	218	39.9	25.2	34.9
79	PMM0079	155	42.6	31.0	26.5
80	PMM0080	226	45.6	20.8	33.6
81	PMM0081	240	35.4	27.1	37.5
82	PMM0082	394	46.4	24.6	28.9
83	PMM0083	602	59.0	15.0	26.1
84	PMM0084	467	55.2	13.9	30.8
85	PMM0085	234	47.0	27.8	25.2
86	PMM0086	102	33.3	29.4	37.3
87	PMM0087	112	33.0	27.7	39.3
88	PMM0088	76	40.8	30.3	28.9
89	PMM0089	540	43.1	27.2	29.6
90	PMM0090	382	50.0	20.7	29.3
91	PMM0091	87	36.8	24.1	39.1
92	PMM0092	103	43.7	29.1	27.2
93	PMM0093	48	52.1	14.6	33.3
94	PMM0094	108	50.9	13.9	35.2
95	PMM0095	308	55.8	13.6	30.5
96	PMM0096	265	45.7	20.4	34.0
97	PMM0097	476	36.1	25.6	38.2
98	PMM0098	470	41.5	26.8	31.7
99	PMM0099	255	58.4	12.5	29.0
100	PMM0100	555	44.5	24.9	30.6
101	PMM0101	311	47.9	18.3	33.8
102	PMM0102	454	44.3	27.3	28.4
103	PMM0103	128	39.1	34.4	26.6
104	PMM0104	384	35.2	25.5	39.3
105	PMM0105	220	40.9	26.8	32.3
106	PMM0106	308	42.9	22.1	35.1
107	PMM0107	185	42.2	30.3	27.6
108	PMM0108	85	38.8	34.1	27.1
109	PMM0109	236	41.9	23.7	34.3
110	PMM0110	241	45.2	22.8	32.0
111	PMM0111	70	60.0	10.0	30.0
112	PMM0112	132	38.6	31.1	30.3
113	PMM0113	269	46.5	26.4	27.1
114	PMM0114	156	37.8	25.6	36.5
115	PMM0115	484	45.9	24.0	30.2
116	PMM0116	130	41.5	23.8	34.6
117	PMM0117	142	42.3	24.6	33.1
118	PMM0118	399	49.1	24.3	26.6
119	PMM0119	89	57.3	13.5	29.2
120	PMM0120	310	49.7	24.8	25.5
121	PMM0121	80	45.0	31.2	23.8
122	PMM0122	225	32.0	31.6	36.4
123	PMM0123	322	49.1	22.0	28.9
124	PMM0124	89	39.3	29.2	31.5
125	PMM0125	227	44.5	18.9	36.6
126	PMM0126	313	36.1	32.9	31.0
127	PMM0127	119	27.7	36.1	36.1
128	PMM0128	251	45.4	26.7	27.9
129	PMM0129	319	43.6	26.6	29.8
130	PMM0130	214	41.6	29.9	28.5
131	PMM0131	765	51.5	20.0	28.5
132	PMM0132	173	37.6	30.1	32.4
133	PMM0133	450	45.8	22.2	32.0
134	PMM0134	248	46.8	31.0	22.2
135	PMM0135	466	50.4	22.5	27.0
136	PMM0136	335	47.2	19.7	33.1
137	PMM0137	298	43.0	23.2	33.9
138	PMM0138	206	52.4	21.4	26.2
139	PMM0139	216	37.0	25.0	38.0
140	PMM0140	83	36.1	26.5	37.3
141	PMM0141	415	46.7	28.0	25.3
142	PMM0142	139	40.3	31.7	28.1
143	PMM0143	302	37.1	27.8	35.1
144	PMM0144	473	45.2	25.6	29.2
145	PMM0145	115	39.1	29.6	31.3
146	PMM0146	205	42.4	22.0	35.6
147	PMM0147	317	47.6	23.7	28.7
148	PMM0148	242	55.0	13.6	31.4
149	PMM0149	670	58.5	13.7	27.8
150	PMM0150	546	59.9	12.5	27.7
151	PMM0151	237	39.2	27.8	32.9
152	PMM0152	392	51.0	25.8	23.2
153	PMM0153	296	47.3	24.3	28.4
154	PMM0154	92	35.9	25.0	39.1
155	PMM0155	158	37.3	31.6	31.0
156	PMM0156	299	41.1	26.1	32.8
157	PMM0157	106	56.6	10.4	33.0
158	PMM0158	199	59.8	15.1	25.1
159	PMM0159	208	40.9	27.9	31.2
160	PMM0160	372	64.0	11.6	24.5
161	PMM0161	381	48.6	24.9	26.5
162	PMM0162	485	37.7	26.2	36.1
163	PMM0163	116	40.5	26.7	32.8
164	PMM0164	414	46.9	22.7	30.4
165	PMM0165	103	38.8	34.0	27.2
166	PMM0166	208	42.8	28.4	28.8
167	PMM0167	163	51.5	21.5	27.0
168	PMM0168	233	44.2	27.0	28.8
169	PMM0169	242	43.0	30.2	26.9
170	PMM0170	382	46.9	22.8	30.4
171	PMM0171	300	43.3	30.0	26.7
172	PMM0172	395	46.6	25.3	28.1
173	PMM0173	150	43.3	25.3	31.3
174	PMM0174	405	40.5	27.9	31.6
175	PMM0175	321	40.8	27.4	31.8
176	PMM0176	305	57.7	12.5	29.8
177	PMM0177	465	42.4	25.2	32.5
178	PMM0178	307	46.6	26.1	27.4
179	PMM0179	84	36.9	36.9	26.2
180	PMM0180	373	41.8	28.4	29.8
181	PMM0181	60	51.7	18.3	30.0
182	PMM0182	180	38.9	24.4	36.7
183	PMM0183	138	50.7	21.0	28.3
184	PMM0184	198	46.5	20.7	32.8
185	PMM0185	242	50.0	23.6	26.4
186	PMM0186	369	43.9	24.7	31.4
187	PMM0187	603	41.1	29.9	29.0
188	PMM0188	288	44.1	25.7	30.2
189	PMM0189	460	43.7	28.9	27.4
190	PMM0190	150	60.0	16.0	24.0
191	PMM0191	769	43.4	26.7	29.9
192	PMM0192	531	44.6	24.3	31.1
193	PMM0193	322	46.3	23.9	29.8
194	PMM0194	288	43.8	30.2	26.0
195	PMM0195	402	51.0	25.4	23.6
196	PMM0196	243	44.9	26.3	28.8
197	PMM0197	364	46.7	22.0	31.3
198	PMM0198	374	42.5	23.3	34.2
199	PMM0199	389	46.8	22.6	30.6
200	PMM0200	240	38.8	28.3	32.9
201	PMM0201	131	55.7	29.8	14.5
202	PMM0202	175	41.7	28.0	30.3
203	PMM0203	235	46.8	26.8	26.4
204	PMM0204	141	51.8	21.3	27.0
205	PMM0205	203	41.9	29.6	28.6
206	PMM0206	79	44.3	22.8	32.9
207	PMM0207	919	42.2	30.9	26.9
208	PMM0208	430	49.3	22.3	28.4
209	PMM0209	555	46.5	22.7	30.8
210	PMM0210	105	34.3	37.1	28.6
211	PMM0211	318	46.9	22.6	30.5
212	PMM0212	93	44.1	25.8	30.1
213	PMM0213	332	64.5	10.5	25.0
214	PMM0214	551	62.8	14.3	22.9
215	PMM0215	333	44.7	27.6	27.6
216	PMM0216	130	44.6	26.2	29.2
217	PMM0217	803	43.6	28.0	28.4
218	PMM0218	327	52.0	23.9	24.2
219	PMM0219	60	35.0	23.3	41.7
220	PMM0221	315	39.7	26.0	34.3
221	PMM0222	295	43.1	24.7	32.2
222	PMM0223	360	54.2	10.0	35.8
223	PMM0224	364	47.0	25.0	28.0
224	PMM0225	213	41.3	24.4	34.3
225	PMM0226	618	49.4	25.6	25.1
226	PMM0227	391	40.4	28.4	31.2
227	PMM0228	264	48.9	23.9	27.3
228	PMM0229	418	45.2	25.4	29.4
229	PMM0230	73	35.6	32.9	31.5
230	PMM0231	60	45.0	30.0	25.0
231	PMM0232	113	55.8	22.1	22.1
232	PMM0233	338	45.6	20.4	34.0
233	PMM0234	165	37.0	27.3	35.8
234	PMM0235	97	36.1	38.1	25.8
235	PMM0237	174	45.4	21.3	33.3
236	PMM0238	965	41.2	25.9	32.8
237	PMM0239	207	50.7	10.1	39.1
238	PMM0240	209	41.1	24.9	34.0
239	PMM0241	452	44.2	24.3	31.4
240	PMM0242	181	40.9	25.4	33.7
241	PMM0243	212	36.3	27.4	36.3
242	PMM0244	197	43.1	22.8	34.0
243	PMM0245	191	37.7	22.0	40.3
244	PMM0246	244	48.4	23.4	28.3
245	PMM0247	323	46.4	28.8	24.8
246	PMM0248	145	45.5	26.9	27.6
247	PMM0249	85	47.1	28.2	24.7
248	PMM0250	203	40.4	27.6	32.0
249	PMM0251	66	63.6	6.1	30.3
250	PMM0252	58	56.9	15.5	27.6
251	PMM0253	42	57.1	19.0	23.8
252	PMM0254	678	41.9	25.7	32.4
253	PMM0255	206	45.6	27.2	27.2
254	PMM0256	469	44.6	21.5	33.9
255	PMM0257	433	44.3	22.6	33.0
256	PMM0258	423	48.9	22.9	28.1
257	PMM0259	83	48.2	19.3	32.5
258	PMM0260	93	47.3	22.6	30.1
259	PMM0261	526	59.7	10.3	30.0
260	PMM0262	248	44.4	28.6	27.0
261	PMM0263	486	61.7	10.1	28.2
262	PMM0264	398	41.2	25.9	32.9
263	PMM0265	186	55.9	14.5	29.6
264	PMM0266	517	44.3	24.8	30.9
265	PMM0267	205	49.3	22.4	28.3
266	PMM0268	122	44.3	30.3	25.4
267	PMM0269	378	45.2	27.2	27.5
268	PMM0270	246	58.1	12.6	29.3
269	PMM0271	372	43.8	21.2	34.9
270	PMM0272	46	71.7	10.9	17.4
271	PMM0273	334	47.0	24.3	28.7
272	PMM0274	422	53.1	23.2	23.7
273	PMM0275	186	49.5	24.7	25.8
274	PMM0276	282	38.3	25.9	35.8
275	PMM0277	472	39.8	28.2	32.0
276	PMM0278	486	44.2	25.9	29.8
277	PMM0279	191	43.5	29.8	26.7
278	PMM0280	507	46.9	23.9	29.2
279	PMM0281	201	44.3	23.9	31.8
280	PMM0282	260	52.3	18.8	28.8
281	PMM0283	197	40.1	18.3	41.6
282	PMM0284	401	45.6	20.0	34.4
283	PMM0285	478	40.2	23.2	36.6
284	PMM0286	187	47.1	30.5	22.5
285	PMM0287	187	40.1	28.9	31.0
286	PMM0288	720	48.5	25.8	25.7
287	PMM0289	281	44.5	24.9	30.6
288	PMM0290	272	47.4	22.4	30.1
289	PMM0291	440	52.7	18.2	29.1
290	PMM0292	176	40.3	26.1	33.5
291	PMM0293	244	43.9	24.2	32.0
292	PMM0294	120	64.2	13.3	22.5
293	PMM0295	142	45.1	23.9	31.0
294	PMM0296	337	43.0	22.8	34.1
295	PMM0297	84	52.4	17.9	29.8
296	PMM0298	47	61.7	8.5	29.8
297	PMM0299	39	53.8	10.3	35.9
298	PMM0300	64	62.5	18.8	18.8
299	PMM0301	307	43.0	22.1	34.9
300	PMM0302	730	46.6	24.2	29.2
301	PMM0303	415	40.7	30.4	28.9
302	PMM0304	802	41.5	27.3	31.2
303	PMM0305	175	38.3	26.3	35.4
304	PMM0306	183	32.8	25.7	41.5
305	PMM0307	59	30.5	27.1	42.4
306	PMM0308	211	64.0	12.3	23.7
307	PMM0309	139	42.4	23.7	33.8
308	PMM0310	409	46.9	22.2	30.8
309	PMM0311	413	47.9	26.4	25.7
310	PMM0312	363	41.9	31.1	27.0
311	PMM0313	159	34.6	30.8	34.6
312	PMM0314	32	65.6	21.9	12.5
313	PMM0315	507	53.8	18.5	27.6
314	PMM0316	120	45.0	25.8	29.2
315	PMM0317	50	52.0	18.0	30.0
316	PMM0318	289	47.4	23.2	29.4
317	PMM0319	194	48.5	21.1	30.4
318	PMM0320	106	38.7	35.8	25.5
319	PMM0321	271	46.9	25.5	27.7
320	PMM0322	220	49.1	23.6	27.3
321	PMM0323	419	43.0	27.4	29.6
322	PMM0324	429	43.1	28.2	28.7
323	PMM0325	218	51.4	12.4	36.2
324	PMM0326	160	62.5	14.4	23.1
325	PMM0327	478	41.6	22.2	36.2
326	PMM0328	292	40.4	27.1	32.5
327	PMM0329	69	42.0	26.1	31.9
328	PMM0330	253	37.2	28.9	34.0
329	PMM0331	463	45.4	25.5	29.2
330	PMM0332	197	61.4	9.6	28.9
331	PMM0333	295	45.1	21.4	33.6
332	PMM0334	84	45.2	21.4	33.3
333	PMM0335	144	62.5	11.8	25.7
334	PMM0336	169	40.2	26.0	33.7
335	PMM0337	102	35.3	32.4	32.4
336	PMM0338	99	36.4	32.3	31.3
337	PMM0339	510	48.4	21.6	30.0
338	PMM0340	166	45.2	23.5	31.3
339	PMM0341	71	38.0	31.0	31.0
340	PMM0342	94	53.2	21.3	25.5
341	PMM0343	96	42.7	31.2	26.0
342	PMM0344	79	46.8	24.1	29.1
343	PMM0345	149	47.0	24.8	28.2
344	PMM0346	99	35.4	33.3	31.3
345	PMM0347	114	50.9	20.2	28.9
346	PMM0348	79	30.4	39.2	30.4
347	PMM0349	138	34.1	33.3	32.6
348	PMM0350	82	36.6	35.4	28.0
349	PMM0351	86	41.9	24.4	33.7
350	PMM0352	292	60.6	14.0	25.3
351	PMM0353	277	44.0	22.0	33.9
352	PMM0354	209	35.9	28.2	35.9
353	PMM0355	113	41.6	35.4	23.0
354	PMM0356	315	44.8	27.0	28.3
355	PMM0357	207	38.6	22.2	39.1
356	PMM0358	262	48.1	19.5	32.4
357	PMM0359	52	40.4	32.7	26.9
358	PMM0360	154	39.0	24.7	36.4
359	PMM0361	125	32.8	30.4	36.8
360	PMM0362	98	44.9	26.5	28.6
361	PMM0363	133	34.6	32.3	33.1
362	PMM0364	106	48.1	20.8	31.1
363	PMM0365	125	45.6	22.4	32.0
364	PMM0366	134	49.3	17.2	33.6
365	PMM0367	129	48.1	27.9	24.0
366	PMM0368	102	42.2	18.6	39.2
367	PMM0369	110	36.4	32.7	30.9
368	PMM0370	561	48.7	21.2	30.1
369	PMM0371	260	61.2	10.8	28.1
370	PMM0372	284	45.1	26.8	28.2
371	PMM0373	147	46.9	28.6	24.5
372	PMM0374	63	55.6	22.2	22.2
373	PMM0375	107	43.0	29.0	28.0
374	PMM0376	122	41.0	23.8	35.2
375	PMM0377	87	39.1	26.4	34.5
376	PMM0378	90	48.9	21.1	30.0
377	PMM0379	93	38.7	24.7	36.6
378	PMM0380	155	38.7	32.9	28.4
379	PMM0381	54	31.5	46.3	22.2
380	PMM0382	168	47.6	31.0	21.4
381	PMM0383	260	43.1	23.5	33.5
382	PMM0384	829	41.1	27.0	31.8
383	PMM0385	496	40.3	27.4	32.3
384	PMM0386	214	43.5	29.4	27.1
385	PMM0387	146	48.6	21.2	30.1
386	PMM0388	202	45.0	26.7	28.2
387	PMM0389	251	50.2	21.9	27.9
388	PMM0390	160	39.4	26.9	33.8
389	PMM0391	458	45.0	25.8	29.3
390	PMM0392	304	53.6	17.4	28.9
391	PMM0393	88	40.9	25.0	34.1
392	PMM0394	212	41.0	27.8	31.1
393	PMM0395	191	39.3	24.1	36.6
394	PMM0396	268	47.8	24.6	27.6
395	PMM0397	388	46.4	22.9	30.7
396	PMM0398	259	48.3	22.4	29.3
397	PMM0399	219	48.9	21.9	29.2
398	PMM0400	194	36.1	33.5	30.4
399	PMM0401	214	40.2	24.3	35.5
400	PMM0402	641	45.4	25.0	29.6
401	PMM0403	148	36.5	26.4	37.2
402	PMM0404	103	51.5	23.3	25.2
403	PMM0405	455	44.4	23.3	32.3
404	PMM0406	374	43.0	28.9	28.1
405	PMM0407	328	50.0	23.8	26.2
406	PMM0408	489	43.6	25.2	31.3
407	PMM0409	387	43.7	22.0	34.4
408	PMM0410	202	44.6	29.7	25.7
409	PMM0411	78	43.6	16.7	39.7
410	PMM0412	100	40.0	36.0	24.0
411	PMM0413	511	44.6	27.8	27.6
412	PMM0414	234	43.6	23.5	32.9
413	PMM0415	393	43.8	27.5	28.8
414	PMM0416	264	43.6	28.0	28.4
415	PMM0417	86	52.3	12.8	34.9
416	PMM0418	81	46.9	24.7	28.4
417	PMM0419	475	43.8	23.8	32.4
418	PMM0420	602	44.9	27.4	27.7
419	PMM0421	277	62.5	11.9	25.6
420	PMM0422	223	39.5	25.1	35.4
421	PMM0423	130	45.4	23.1	31.5
422	PMM0424	78	30.8	42.3	26.9
423	PMM0425	496	40.3	23.8	35.9
424	PMM0426	437	44.4	26.1	29.5
425	PMM0427	587	43.8	23.3	32.9
426	PMM0428	315	59.7	11.7	28.6
427	PMM0429	76	43.4	28.9	27.6
428	PMM0430	255	50.2	24.3	25.5
429	PMM0431	233	44.2	26.6	29.2
430	PMM0432	144	34.0	29.2	36.8
431	PMM0433	249	40.6	25.7	33.7
432	PMM0434	228	47.4	27.6	25.0
433	PMM0435	506	57.5	9.7	32.8
434	PMM0436	870	42.4	31.5	26.1
435	PMM0437	194	37.6	37.1	25.3
436	PMM0438	212	63.7	11.3	25.0
437	PMM0439	385	51.2	20.5	28.3
438	PMM0440	330	39.1	24.5	36.4
439	PMM0441	381	44.1	24.9	31.0
440	PMM0442	219	43.4	26.0	30.6
441	PMM0443	117	44.4	29.9	25.6
442	PMM0444	200	53.5	15.5	31.0
443	PMM0445	541	58.8	9.1	32.2
444	PMM0446	267	49.4	18.7	31.8
445	PMM0447	311	54.7	10.6	34.7
446	PMM0448	332	56.3	14.2	29.5
447	PMM0449	338	45.0	27.8	27.2
448	PMM0450	274	64.2	9.5	26.3
449	PMM0451	170	31.2	31.8	37.1
450	PMM0452	581	48.0	25.8	26.2
451	PMM0453	249	48.2	21.7	30.1
452	PMM0454	223	45.7	23.8	30.5
453	PMM0455	290	50.3	24.8	24.8
454	PMM0456	295	54.9	14.6	30.5
455	PMM0457	532	41.5	27.6	30.8
456	PMM0458	163	39.9	30.1	30.1
457	PMM0459	251	45.0	25.9	29.1
458	PMM0460	297	56.2	11.8	32.0
459	PMM0461	317	50.5	20.8	28.7
460	PMM0462	178	50.0	16.3	33.7
461	PMM0463	105	41.0	31.4	27.6
462	PMM0464	252	57.1	13.1	29.8
463	PMM0465	86	57.0	15.1	27.9
464	PMM0466	566	38.7	27.6	33.7
465	PMM0467	184	42.4	34.2	23.4
466	PMM0468	44	61.4	13.6	25.0
467	PMM0469	184	52.7	22.8	24.5
468	PMM0470	356	50.6	23.6	25.8
469	PMM0471	60	46.7	26.7	26.7
470	PMM0472	399	66.2	14.0	19.8
471	PMM0473	478	41.0	28.9	30.1
472	PMM0474	62	54.8	27.4	17.7
473	PMM0475	160	40.0	33.8	26.2
474	PMM0476	102	47.1	18.6	34.3
475	PMM0477	279	44.4	25.4	30.1
476	PMM0478	237	46.8	23.2	30.0
477	PMM0479	369	50.4	23.8	25.7
478	PMM0480	170	48.2	21.8	30.0
479	PMM0481	165	37.6	31.5	30.9
480	PMM0482	268	51.1	19.8	29.1
481	PMM0483	433	52.2	20.3	27.5
482	PMM0484	281	40.2	26.3	33.5
483	PMM0485	98	39.8	29.6	30.6
484	PMM0486	199	43.7	26.6	29.6
485	PMM0487	407	43.0	29.0	28.0
486	PMM0488	314	58.6	15.6	25.8
487	PMM0489	531	59.1	14.9	26.0
488	PMM0490	364	38.2	24.2	37.6
489	PMM0491	96	39.6	25.0	35.4
490	PMM0492	161	36.0	23.0	41.0
491	PMM0493	501	39.7	27.3	32.9
492	PMM0494	195	42.1	27.7	30.3
493	PMM0495	316	47.8	29.1	23.1
494	PMM0496	396	39.1	35.4	25.5
495	PMM0497	758	42.7	26.9	30.3
496	PMM0498	368	44.0	26.1	29.9
497	PMM0499	284	51.8	22.5	25.7
498	PMM0500	176	46.6	27.8	25.6
499	PMM0501	60	31.7	36.7	31.7
500	PMM0502	149	35.6	26.2	38.3
501	PMM0503	269	42.8	23.0	34.2
502	PMM0504	108	42.6	28.7	28.7
503	PMM0505	338	45.0	23.1	32.0
504	PMM0506	436	47.7	25.9	26.4
505	PMM0507	145	40.0	26.2	33.8
506	PMM0508	600	43.5	26.7	29.8
507	PMM0509	116	37.1	29.3	33.6
508	PMM0510	84	44.0	22.6	33.3
509	PMM0511	182	46.7	26.4	26.9
510	PMM0512	122	41.8	27.9	30.3
511	PMM0513	228	50.0	21.5	28.5
512	PMM0514	417	46.5	24.5	29.0
513	PMM0515	442	41.9	26.2	31.9
514	PMM0516	452	53.3	17.9	28.8
515	PMM0517	143	35.0	29.4	35.7
516	PMM0518	583	45.8	23.7	30.5
517	PMM0519	333	44.1	29.4	26.4
518	PMM0520	377	45.4	25.5	29.2
519	PMM0521	182	36.8	33.5	29.7
520	PMM0522	234	49.6	24.8	25.6
521	PMM0523	231	42.9	29.0	28.1
522	PMM0524	389	36.2	29.3	34.4
523	PMM0525	391	46.8	22.8	30.4
524	PMM0526	587	49.1	21.6	29.3
525	PMM0527	117	44.4	26.5	29.1
526	PMM0528	260	36.2	25.8	38.1
527	PMM0529	301	44.9	28.9	26.2
528	PMM0530	405	45.2	31.4	23.5
529	PMM0531	265	47.5	21.5	30.9
530	PMM0532	238	43.3	26.1	30.7
531	PMM0533	346	47.7	22.5	29.8
532	PMM0534	335	49.3	26.6	24.2
533	PMM0535	235	43.8	17.4	38.7
534	PMM0536	246	41.1	28.0	30.9
535	PMM0537	220	44.5	28.6	26.8
536	PMM0538	408	51.0	19.9	29.2
537	PMM0539	223	44.4	26.0	29.6
538	PMM0540	34	64.7	8.8	26.5
539	PMM0541	115	37.4	31.3	31.3
540	PMM0542	334	47.3	24.0	28.7
541	PMM0543	295	46.8	25.1	28.1
542	PMM0544	526	43.9	25.5	30.6
543	PMM0545	418	49.8	24.9	25.4
544	PMM0546	122	41.8	24.6	33.6
545	PMM0547	256	45.7	20.7	33.6
546	PMM0548	195	43.6	28.7	27.7
547	PMM0549	98	62.2	23.5	14.3
548	PMM0550	471	47.3	25.5	27.2
549	PMM0551	113	45.1	15.0	39.8
550	PMM0552	765	34.4	26.5	39.1
551	PMM0553	509	41.5	25.3	33.2
552	PMM0554	88	50.0	21.6	28.4
553	PMM0555	73	49.3	19.2	31.5
554	PMM0556	79	35.4	36.7	27.8
555	PMM0557	75	45.3	26.7	28.0
556	PMM0558	130	50.0	20.0	30.0
557	PMM0559	246	42.7	27.2	30.1
558	PMM0560	215	50.2	23.3	26.5
559	PMM0561	598	49.8	22.4	27.8
560	PMM0562	176	44.9	28.4	26.7
561	PMM0563	227	37.4	30.0	32.6
562	PMM0564	202	42.1	29.2	28.7
563	PMM0565	463	43.2	22.9	33.9
564	PMM0566	412	39.1	27.9	33.0
565	PMM0567	459	47.1	24.2	28.8
566	PMM0568	359	59.1	14.2	26.7
567	PMM0569	349	46.1	23.2	30.7
568	PMM0570	77	61.0	11.7	27.3
569	PMM0571	106	44.3	26.4	29.2
570	PMM0572	279	48.0	24.0	28.0
571	PMM0573	91	52.7	25.3	22.0
572	PMM0574	90	42.2	31.1	26.7
573	PMM0575	106	33.0	28.3	38.7
574	PMM0576	124	50.8	25.0	24.2
575	PMM0577	307	40.4	29.3	30.3
576	PMM0578	221	36.2	27.1	36.7
577	PMM0579	154	29.2	30.5	40.3
578	PMM0580	860	42.4	29.8	27.8
579	PMM0581	116	53.4	19.0	27.6
580	PMM0582	327	43.1	25.4	31.5
581	PMM0583	346	48.6	26.0	25.4
582	PMM0584	754	39.9	22.8	37.3
583	PMM0585	525	42.5	23.4	34.1
584	PMM0586	88	48.9	17.0	34.1
585	PMM0587	135	37.8	28.9	33.3
586	PMM0588	147	52.4	23.1	24.5
587	PMM0589	1314	43.0	24.5	32.5
588	PMM0590	436	46.1	25.0	28.9
589	PMM0591	120	40.0	30.8	29.2
590	PMM0592	197	44.2	22.8	33.0
591	PMM0593	695	40.4	27.2	32.4
592	PMM0594	494	61.5	10.9	27.5
593	PMM0595	315	52.1	22.2	25.7
594	PMM0596	345	45.8	25.2	29.0
595	PMM0597	638	42.5	29.2	28.4
596	PMM0598	338	40.8	25.1	34.0
597	PMM0599	151	30.5	33.8	35.8
598	PMM0600	441	45.6	24.9	29.5
599	PMM0601	300	43.0	23.7	33.3
600	PMM0602	254	46.9	22.4	30.7
601	PMM0603	290	61.7	11.4	26.9
602	PMM0604	388	48.2	23.2	28.6
603	PMM0605	112	33.9	28.6	37.5
604	PMM0606	194	46.9	21.6	31.4
605	PMM0607	588	46.9	22.6	30.4
606	PMM0608	285	48.4	25.3	26.3
607	PMM0609	483	44.5	21.9	33.5
608	PMM0610	456	43.6	25.2	31.1
609	PMM0611	449	40.8	23.6	35.6
610	PMM0612	310	40.0	26.8	33.2
611	PMM0613	438	49.1	23.1	27.9
612	PMM0614	207	42.5	26.6	30.9
613	PMM0615	275	47.6	22.9	29.5
614	PMM0616	362	47.8	26.8	25.4
615	PMM0617	264	42.8	23.9	33.3
616	PMM0618	323	47.4	24.1	28.5
617	PMM0619	660	44.1	27.0	28.9
618	PMM0620	240	38.3	26.2	35.4
619	PMM0621	270	40.7	27.0	32.2
620	PMM0622	137	49.6	16.1	34.3
621	PMM0623	429	43.6	27.5	28.9
622	PMM0624	84	34.5	36.9	28.6
623	PMM0625	100	37.0	25.0	38.0
624	PMM0626	78	37.2	24.4	38.5
625	PMM0627	352	57.1	15.1	27.8
626	PMM0628	457	60.2	12.5	27.4
627	PMM0629	85	42.4	34.1	23.5
628	PMM0630	219	35.2	33.3	31.5
629	PMM0631	180	50.6	21.7	27.8
630	PMM0632	235	42.1	22.1	35.7
631	PMM0633	427	45.0	24.4	30.7
632	PMM0634	333	45.3	24.0	30.6
633	PMM0635	343	50.7	20.4	28.9
634	PMM0636	185	42.2	25.4	32.4
635	PMM0637	150	44.7	22.7	32.7
636	PMM0638	310	41.0	23.5	35.5
637	PMM0639	403	43.9	27.5	28.5
638	PMM0640	508	42.3	22.2	35.4
639	PMM0641	219	37.4	34.2	28.3
640	PMM0642	442	48.2	19.9	31.9
641	PMM0643	296	44.6	22.3	33.1
642	PMM0644	522	58.2	13.6	28.2
643	PMM0645	425	41.4	24.5	34.1
644	PMM0646	407	44.5	22.4	33.2
645	PMM0647	85	35.3	18.8	45.9
646	PMM0648	548	43.8	21.9	34.3
647	PMM0649	157	42.0	21.7	36.3
648	PMM0650	138	38.4	29.7	31.9
649	PMM0651	165	36.4	29.7	33.9
650	PMM0652	125	37.6	32.8	29.6
651	PMM0653	129	40.3	28.7	31.0
652	PMM0654	144	65.3	10.4	24.3
653	PMM0655	98	40.8	28.6	30.6
654	PMM0656	150	52.0	11.3	36.7
655	PMM0657	96	31.2	32.3	36.5
656	PMM0658	240	40.8	31.2	27.9
657	PMM0659	249	43.0	27.3	29.7
658	PMM0660	87	33.3	27.6	39.1
659	PMM0661	802	42.5	26.7	30.8
660	PMM0662	231	37.2	29.4	33.3
661	PMM0663	545	44.6	28.4	27.0
662	PMM0664	224	47.3	20.5	32.1
663	PMM0665	300	43.3	27.7	29.0
664	PMM0666	215	45.1	25.1	29.8
665	PMM0667	147	39.5	23.8	36.7
666	PMM0668	257	41.2	26.1	32.7
667	PMM0669	247	56.7	14.6	28.7
668	PMM0670	214	40.2	25.7	34.1
669	PMM0671	500	58.6	12.2	29.2
670	PMM0672	245	43.3	24.9	31.8
671	PMM0673	301	46.5	26.6	26.9
672	PMM0674	393	47.1	23.4	29.5
673	PMM0675	167	47.3	28.1	24.6
674	PMM0676	405	44.7	27.7	27.7
675	PMM0677	429	42.7	28.4	28.9
676	PMM0678	304	42.4	27.0	30.6
677	PMM0679	289	44.3	26.3	29.4
678	PMM0680	265	54.7	18.5	26.8
679	PMM0681	396	44.4	27.0	28.5
680	PMM0682	363	47.4	24.5	28.1
681	PMM0683	396	41.7	27.0	31.3
682	PMM0684	117	41.9	12.8	45.3
683	PMM0685	76	32.9	25.0	42.1
684	PMM0686	60	36.7	25.0	38.3
685	PMM0687	108	39.8	25.0	35.2
686	PMM0688	105	41.9	21.9	36.2
687	PMM0689	84	54.8	15.5	29.8
688	PMM0690	44	61.4	20.5	18.2
689	PMM0691	68	32.4	30.9	36.8
690	PMM0692	71	31.0	31.0	38.0
691	PMM0693	87	34.5	31.0	34.5
692	PMM0694	221	41.2	22.6	36.2
693	PMM0695	242	45.9	28.9	25.2
694	PMM0696	84	56.0	17.9	26.2
695	PMM0697	75	36.0	32.0	32.0
696	PMM0698	83	36.1	30.1	33.7
697	PMM0699	78	43.6	21.8	34.6
698	PMM0700	80	42.5	30.0	27.5
699	PMM0701	103	34.0	26.2	39.8
700	PMM0702	128	42.2	25.8	32.0
701	PMM0703	117	48.7	25.6	25.6
702	PMM0704	351	54.1	23.1	22.8
703	PMM0705	242	45.9	32.6	21.5
704	PMM0706	382	41.6	33.2	25.1
705	PMM0707	108	40.7	28.7	30.6
706	PMM0708	760	46.3	24.5	29.2
707	PMM0709	452	44.7	17.7	37.6
708	PMM0710	323	50.5	19.5	30.0
709	PMM0711	408	62.0	10.8	27.2
710	PMM0712	419	57.3	12.2	30.5
711	PMM0713	340	44.4	24.7	30.9
712	PMM0714	126	36.5	25.4	38.1
713	PMM0715	55	32.7	41.8	25.5
714	PMM0716	321	61.7	10.9	27.4
715	PMM0717	76	64.5	15.8	19.7
716	PMM0718	178	44.4	29.8	25.8
717	PMM0719	101	35.6	26.7	37.6
718	PMM0720	84	28.6	28.6	42.9
719	PMM0721	112	35.7	31.2	33.0
720	PMM0722	77	44.2	27.3	28.6
721	PMM0723	315	59.4	13.0	27.6
722	PMM0724	297	62.0	12.1	25.9
723	PMM0725	269	42.4	25.3	32.3
724	PMM0726	102	43.1	28.4	28.4
725	PMM0727	214	41.6	23.8	34.6
726	PMM0728	825	41.2	26.1	32.7
727	PMM0729	545	41.3	29.2	29.5
728	PMM0730	330	37.3	27.3	35.5
729	PMM0731	136	38.2	27.9	33.8
730	PMM0732	95	34.7	32.6	32.6
731	PMM0733	438	33.6	36.3	30.1
732	PMM0734	121	38.0	28.1	33.9
733	PMM0735	67	35.8	32.8	31.3
734	PMM0736	116	31.9	32.8	35.3
735	PMM0737	145	37.9	31.7	30.3
736	PMM0738	89	32.6	39.3	28.1
737	PMM0739	92	47.8	25.0	27.2
738	PMM0740	34	61.8	8.8	29.4
739	PMM0741	217	37.8	33.2	29.0
740	PMM0742	196	46.9	27.0	26.0
741	PMM0743	637	51.3	25.1	23.5
742	PMM0744	71	43.7	32.4	23.9
743	PMM0745	409	38.1	23.7	38.1
744	PMM0746	416	39.7	25.2	35.1
745	PMM0747	241	41.1	27.4	31.5
746	PMM0748	305	46.2	26.2	27.5
747	PMM0749	391	54.5	20.7	24.8
748	PMM0750	240	42.9	24.2	32.9
749	PMM0751	49	32.7	42.9	24.5
750	PMM0752	305	47.2	23.0	29.8
751	PMM0753	234	41.9	28.2	29.9
752	PMM0754	218	43.6	32.6	23.9
753	PMM0755	357	36.1	28.0	35.9
754	PMM0756	818	42.4	25.2	32.4
755	PMM0757	228	39.5	30.3	30.3
756	PMM0758	596	42.1	28.7	29.2
757	PMM0759	720	42.4	27.6	30.0
758	PMM0760	443	43.6	28.9	27.5
759	PMM0761	243	43.6	27.6	28.8
760	PMM0762	600	47.2	27.5	25.3
761	PMM0763	127	40.9	29.9	29.1
762	PMM0764	242	49.6	24.8	25.6
763	PMM0765	314	56.7	9.9	33.4
764	PMM0766	251	49.4	19.9	30.7
765	PMM0767	333	49.8	23.1	27.0
766	PMM0768	433	45.3	27.3	27.5
767	PMM0769	431	47.1	25.1	27.8
768	PMM0770	472	45.3	22.9	31.8
769	PMM0771	245	40.0	28.2	31.8
770	PMM0772	182	46.7	24.7	28.6
771	PMM0773	128	40.6	30.5	28.9
772	PMM0774	559	49.9	22.7	27.4
773	PMM0775	96	36.5	33.3	30.2
774	PMM0776	205	45.4	22.9	31.7
775	PMM0777	170	44.7	19.4	35.9
776	PMM0778	351	45.9	27.9	26.2
777	PMM0779	83	47.0	33.7	19.3
778	PMM0780	221	48.0	20.4	31.7
779	PMM0781	357	47.3	22.4	30.3
780	PMM0782	367	43.1	25.1	31.9
781	PMM0783	129	41.1	26.4	32.6
782	PMM0784	292	44.5	25.0	30.5
783	PMM0785	299	44.8	24.1	31.1
784	PMM0786	357	47.1	25.2	27.7
785	PMM0787	344	49.4	19.8	30.8
786	PMM0788	360	44.4	23.9	31.7
787	PMM0789	164	42.1	26.2	31.7
788	PMM0790	178	42.7	31.5	25.8
789	PMM0791	151	45.0	25.8	29.1
790	PMM0792	351	38.7	24.8	36.5
791	PMM0793	386	46.4	22.8	30.8
792	PMM0794	180	43.9	20.6	35.6
793	PMM0795	540	40.7	27.0	32.2
794	PMM0796	255	46.7	25.9	27.5
795	PMM0797	306	39.9	29.1	31.0
796	PMM0798	180	58.9	17.2	23.9
797	PMM0799	203	42.4	21.2	36.5
798	PMM0800	62	40.3	32.3	27.4
799	PMM0801	219	43.8	28.3	27.9
800	PMM0802	217	41.5	25.8	32.7
801	PMM0803	352	46.0	24.7	29.3
802	PMM0804	184	41.3	23.4	35.3
803	PMM0805	96	36.5	26.0	37.5
804	PMM0806	198	44.9	19.2	35.9
805	PMM0807	268	42.9	26.1	31.0
806	PMM0808	440	40.7	27.3	32.0
807	PMM0809	114	44.7	24.6	30.7
808	PMM0810	98	36.7	30.6	32.7
809	PMM0811	127	37.0	32.3	30.7
810	PMM0812	121	43.0	19.0	38.0
811	PMM0813	93	32.3	34.4	33.3
812	PMM0814	81	33.3	28.4	38.3
813	PMM0815	42	50.0	11.9	38.1
814	PMM0816	86	52.3	14.0	33.7
815	PMM0817	69	43.5	14.5	42.0
816	PMM0818	35	68.6	8.6	22.9
817	PMM0819	99	36.4	23.2	40.4
818	PMM0820	68	30.9	44.1	25.0
819	PMM0821	321	42.7	24.0	33.3
820	PMM0822	164	50.6	18.3	31.1
821	PMM0823	114	45.6	31.6	22.8
822	PMM0824	212	48.1	29.7	22.2
823	PMM0825	1099	46.8	23.4	29.8
824	PMM0826	83	36.1	28.9	34.9
825	PMM0827	606	48.2	21.5	30.4
826	PMM0828	58	44.8	31.0	24.1
827	PMM0829	230	44.8	23.0	32.2
828	PMM0830	280	44.3	23.2	32.5
829	PMM0831	1335	44.6	25.8	29.5
830	PMM0832	282	45.7	20.6	33.7
831	PMM0833	214	43.0	24.8	32.2
832	PMM0834	384	44.5	21.6	33.9
833	PMM0835	64	45.3	20.3	34.4
834	PMM0836	176	42.0	26.1	31.8
835	PMM0837	206	40.3	19.9	39.8
836	PMM0838	122	50.8	21.3	27.9
837	PMM0839	1171	41.4	27.2	31.4
838	PMM0840	236	58.9	15.3	25.8
839	PMM0841	328	43.6	27.1	29.3
840	PMM0842	450	42.7	24.7	32.7
841	PMM0843	474	43.2	25.3	31.4
842	PMM0844	390	42.1	27.9	30.0
843	PMM0845	183	41.0	32.8	26.2
844	PMM0846	151	33.8	29.1	37.1
845	PMM0847	739	38.4	27.5	34.1
846	PMM0848	99	57.6	10.1	32.3
847	PMM0849	108	55.6	14.8	29.6
848	PMM0850	115	29.6	27.8	42.6
849	PMM0851	249	41.4	24.1	34.5
850	PMM0852	108	54.6	16.7	28.7
851	PMM0853	58	39.7	34.5	25.9
852	PMM0854	584	48.5	25.5	26.0
853	PMM0855	257	53.7	11.7	34.6
854	PMM0856	194	45.4	23.2	31.4
855	PMM0857	72	31.9	43.1	25.0
856	PMM0858	122	36.1	29.5	34.4
857	PMM0859	78	41.0	30.8	28.2
858	PMM0860	82	35.4	37.8	26.8
859	PMM0861	79	29.1	32.9	38.0
860	PMM0862	160	45.6	24.4	30.0
861	PMM0863	182	40.1	27.5	32.4
862	PMM0864	104	51.9	14.4	33.7
863	PMM0865	208	50.5	19.7	29.8
864	PMM0866	162	34.0	26.5	39.5
865	PMM0867	511	41.5	25.0	33.5
866	PMM0868	394	39.3	26.4	34.3
867	PMM0869	73	49.3	30.1	20.5
868	PMM0870	64	26.6	35.9	37.5
869	PMM0871	821	42.8	25.6	31.7
870	PMM0872	82	43.9	18.3	37.8
871	PMM0873	337	38.9	29.1	32.0
872	PMM0874	276	40.9	22.8	36.2
873	PMM0875	130	36.2	25.4	38.5
874	PMM0876	73	39.7	31.5	28.8
875	PMM0877	1186	44.4	24.0	31.5
876	PMM0878	304	45.7	24.7	29.6
877	PMM0879	1245	41.8	24.2	34.1
878	PMM0880	215	44.2	20.9	34.9
879	PMM0881	199	50.8	15.1	34.2
880	PMM0882	656	39.3	29.3	31.4
881	PMM0883	162	51.2	19.1	29.6
882	PMM0884	159	43.4	23.3	33.3
883	PMM0885	323	38.4	22.9	38.7
884	PMM0886	215	43.3	25.6	31.2
885	PMM0887	390	39.2	20.3	40.5
886	PMM0888	286	44.8	21.3	33.9
887	PMM0889	858	40.0	27.5	32.5
888	PMM0890	526	45.1	23.4	31.6
889	PMM0891	218	42.7	24.3	33.0
890	PMM0892	351	44.7	20.8	34.5
891	PMM0893	577	45.2	27.2	27.6
892	PMM0894	145	49.0	16.6	34.5
893	PMM0895	130	38.5	35.4	26.2
894	PMM0896	313	43.1	31.0	25.9
895	PMM0897	665	45.1	26.8	28.1
896	PMM0898	124	37.9	32.3	29.8
897	PMM0899	282	44.7	23.8	31.6
898	PMM0900	383	40.7	25.1	34.2
899	PMM0901	634	40.2	30.3	29.5
900	PMM0902	78	37.2	26.9	35.9
901	PMM0903	177	45.8	20.9	33.3
902	PMM0904	100	49.0	12.0	39.0
903	PMM0905	111	54.1	14.4	31.5
904	PMM0906	87	64.4	9.2	26.4
905	PMM0907	637	51.2	20.6	28.3
906	PMM0908	513	46.8	25.0	28.3
907	PMM0909	160	39.4	30.0	30.6
908	PMM0910	92	62.0	6.5	31.5
909	PMM0911	109	43.1	33.0	23.9
910	PMM0912	596	48.3	24.8	26.8
911	PMM0913	409	53.3	17.6	29.1
912	PMM0914	190	56.8	12.1	31.1
913	PMM0915	153	53.6	16.3	30.1
914	PMM0916	500	45.4	24.0	30.6
915	PMM0917	460	46.7	19.3	33.9
916	PMM0918	165	39.4	28.5	32.1
917	PMM0919	394	46.4	23.1	30.5
918	PMM0920	473	44.6	23.3	32.1
919	PMM0921	351	40.7	28.2	31.1
920	PMM0922	84	35.7	31.0	33.3
921	PMM0923	147	44.2	21.8	34.0
922	PMM0924	244	38.9	27.5	33.6
923	PMM0925	350	37.7	30.0	32.3
924	PMM0926	117	43.6	29.1	27.4
925	PMM0927	347	61.1	13.0	25.9
926	PMM0928	305	50.5	17.4	32.1
927	PMM0929	486	50.6	19.3	30.0
928	PMM0930	327	47.1	23.2	29.7
929	PMM0931	105	49.5	10.5	40.0
930	PMM0932	312	42.9	23.7	33.3
931	PMM0933	277	43.3	27.4	29.2
932	PMM0934	117	32.5	23.9	43.6
933	PMM0935	137	43.8	22.6	33.6
934	PMM0936	128	46.1	23.4	30.5
935	PMM0937	430	39.1	26.0	34.9
936	PMM0938	151	35.1	31.8	33.1
937	PMM0939	678	39.1	27.7	33.2
938	PMM0940	295	58.3	12.5	29.2
939	PMM0941	119	51.3	21.0	27.7
940	PMM0942	219	38.8	26.5	34.7
941	PMM0943	89	38.2	27.0	34.8
942	PMM0944	148	49.3	24.3	26.4
943	PMM0945	1165	43.6	27.2	29.2
944	PMM0946	484	47.7	21.3	31.0
945	PMM0947	80	41.2	31.2	27.5
946	PMM0948	428	34.1	32.7	33.2
947	PMM0949	130	44.6	26.9	28.5
948	PMM0951	380	45.8	18.4	35.8
949	PMM0952	343	49.0	20.4	30.6
950	PMM0953	98	34.7	33.7	31.6
951	PMM0954	581	51.3	22.0	26.7
952	PMM0955	242	33.9	24.8	41.3
953	PMM0956	266	58.6	10.9	30.5
954	PMM0957	92	45.7	20.7	33.7
955	PMM0958	75	45.3	26.7	28.0
956	PMM0959	318	41.2	26.4	32.4
957	PMM0960	267	44.2	23.2	32.6
958	PMM0961	585	41.0	24.4	34.5
959	PMM0962	408	45.3	23.3	31.4
960	PMM0963	569	47.5	20.9	31.6
961	PMM0964	106	49.1	21.7	29.2
962	PMM0965	100	45.0	24.0	31.0
963	PMM0966	297	42.4	22.9	34.7
964	PMM0967	154	39.6	29.9	30.5
965	PMM0968	228	42.1	23.2	34.6
966	PMM0969	201	49.3	23.9	26.9
967	PMM0970	439	47.2	20.3	32.6
968	PMM0971	384	62.0	10.4	27.6
969	PMM0972	378	61.9	13.0	25.1
970	PMM0973	251	45.4	26.7	27.9
971	PMM0974	236	49.6	22.9	27.5
972	PMM0975	131	42.0	25.2	32.8
973	PMM0976	329	44.1	28.9	27.1
974	PMM0977	263	55.9	10.6	33.5
975	PMM0978	264	56.4	11.4	32.2
976	PMM0979	96	39.6	20.8	39.6
977	PMM0980	75	45.3	24.0	30.7
978	PMM0981	270	63.0	9.3	27.8
979	PMM0982	113	32.7	24.8	42.5
980	PMM0983	133	42.1	21.1	36.8
981	PMM0984	167	41.3	28.1	30.5
982	PMM0985	131	40.5	29.8	29.8
983	PMM0986	154	42.2	25.3	32.5
984	PMM0987	58	32.8	41.4	25.9
985	PMM0988	110	42.7	31.8	25.5
986	PMM0989	201	40.8	28.4	30.8
987	PMM0990	387	40.1	22.2	37.7
988	PMM0991	275	36.7	28.4	34.9
989	PMM0992	134	45.5	30.6	23.9
990	PMM0993	232	41.8	25.9	32.3
991	PMM0994	153	36.6	31.4	32.0
992	PMM0995	105	53.3	15.2	31.4
993	PMM0996	105	41.0	25.7	33.3
994	PMM0997	88	60.2	14.8	25.0
995	PMM0998	145	48.3	24.8	26.9
996	PMM0999	61	41.0	27.9	31.1
997	PMM1000	101	40.6	24.8	34.7
998	PMM1001	238	49.6	24.8	25.6
999	PMM1002	869	39.1	29.8	31.1
1000	PMM1003	65	49.2	16.9	33.8
1001	PMM1004	390	46.2	27.4	26.4
1002	PMM1005	80	42.5	22.5	35.0
1003	PMM1006	170	44.1	24.1	31.8
1004	PMM1007	223	43.9	43.9	12.1
1005	PMM1008	130	46.9	22.3	30.8
1006	PMM1009	340	47.6	29.1	23.2
1007	PMM1010	84	32.1	32.1	35.7
1008	PMM1011	81	46.9	23.5	29.6
1009	PMM1012	137	46.7	24.8	28.5
1010	PMM1013	83	42.2	32.5	25.3
1011	PMM1014	290	44.1	28.3	27.6
1012	PMM1015	134	56.7	11.2	32.1
1013	PMM1016	97	46.4	23.7	29.9
1014	PMM1017	180	46.7	26.1	27.2
1015	PMM1018	94	43.6	24.5	31.9
1016	PMM1019	100	47.0	35.0	18.0
1017	PMM1020	60	35.0	36.7	28.3
1018	PMM1021	251	45.4	27.1	27.5
1019	PMM1022	115	52.2	20.9	27.0
1020	PMM1023	83	41.0	33.7	25.3
1021	PMM1024	89	38.2	22.5	39.3
1022	PMM1025	135	37.0	27.4	35.6
1023	PMM1026	131	47.3	29.0	23.7
1024	PMM1027	96	35.4	29.2	35.4
1025	PMM1028	82	43.9	23.2	32.9
1026	PMM1029	262	65.3	8.8	26.0
1027	PMM1030	131	37.4	26.0	36.6
1028	PMM1031	249	46.6	20.1	33.3
1029	PMM1032	473	41.6	24.3	34.0
1030	PMM1033	452	43.8	29.6	26.5
1031	PMM1034	357	47.6	19.6	32.8
1032	PMM1035	108	43.5	15.7	40.7
1033	PMM1036	90	38.9	22.2	38.9
1034	PMM1037	78	62.8	10.3	26.9
1035	PMM1038	481	45.5	24.5	29.9
1036	PMM1039	318	41.2	27.0	31.8
1037	PMM1040	286	44.4	23.1	32.5
1038	PMM1041	194	40.2	25.3	34.5
1039	PMM1042	172	47.1	20.3	32.6
1040	PMM1043	119	39.5	32.8	27.7
1041	PMM1044	325	46.2	25.2	28.6
1042	PMM1045	93	54.8	19.4	25.8
1043	PMM1046	409	58.7	12.2	29.1
1044	PMM1047	520	45.6	25.6	28.8
1045	PMM1048	340	59.4	14.4	26.2
1046	PMM1049	523	43.8	21.0	35.2
1047	PMM1050	86	36.0	22.1	41.9
1048	PMM1051	433	49.2	23.6	27.3
1049	PMM1052	141	43.3	26.2	30.5
1050	PMM1053	185	40.5	30.8	28.6
1051	PMM1054	157	49.0	25.5	25.5
1052	PMM1055	362	46.1	31.8	22.1
1053	PMM1056	247	42.1	25.5	32.4
1054	PMM1057	134	43.3	17.9	38.8
1055	PMM1058	39	59.0	12.8	28.2
1056	PMM1059	195	39.5	24.1	36.4
1057	PMM1060	205	45.4	22.0	32.7
1058	PMM1061	107	48.6	20.6	30.8
1059	PMM1062	387	51.7	21.7	26.6
1060	PMM1063	867	44.5	28.7	26.8
1061	PMM1064	403	45.7	23.1	31.3
1062	PMM1065	527	42.9	24.9	32.3
1063	PMM1066	546	47.4	24.7	27.8
1064	PMM1067	130	63.1	10.8	26.2
1065	PMM1068	490	51.0	19.4	29.6
1066	PMM1069	298	48.0	23.5	28.5
1067	PMM1070	300	50.7	25.3	24.0
1068	PMM1071	159	60.4	13.8	25.8
1069	PMM1072	464	43.5	25.0	31.5
1070	PMM1073	433	44.8	21.9	33.3
1071	PMM1074	507	42.6	26.0	31.4
1072	PMM1075	370	42.2	28.1	29.7
1073	PMM1076	178	37.6	26.4	36.0
1074	PMM1077	372	45.2	27.4	27.4
1075	PMM1078	180	28.9	31.1	40.0
1076	PMM1079	146	45.9	26.7	27.4
1077	PMM1080	331	48.3	22.4	29.3
1078	PMM1081	506	38.1	24.9	37.0
1079	PMM1082	162	41.4	29.0	29.6
1080	PMM1083	552	51.1	24.3	24.6
1081	PMM1084	465	49.2	20.4	30.3
1082	PMM1085	285	58.6	11.9	29.5
1083	PMM1086	299	47.8	19.7	32.4
1084	PMM1087	364	45.6	23.1	31.3
1085	PMM1088	842	47.6	30.0	22.3
1086	PMM1089	144	38.9	29.2	31.9
1087	PMM1090	457	43.8	24.3	31.9
1088	PMM1091	296	50.0	20.3	29.7
1089	PMM1092	272	40.8	27.2	32.0
1090	PMM1093	335	40.9	25.7	33.4
1091	PMM1094	310	37.4	30.6	31.9
1092	PMM1095	170	49.4	23.5	27.1
1093	PMM1096	299	41.8	27.8	30.4
1094	PMM1097	199	46.2	26.1	27.6
1095	PMM1098	185	45.9	23.8	30.3
1096	PMM1099	590	50.5	21.9	27.6
1097	PMM1100	92	38.0	23.9	38.0
1098	PMM1101	592	39.7	28.0	32.3
1099	PMM1102	562	42.5	27.2	30.2
1100	PMM1103	1209	39.5	26.0	34.6
1101	PMM1104	157	53.5	17.2	29.3
1102	PMM1105	1057	39.7	26.4	33.9
1103	PMM1106	105	45.7	31.4	22.9
1104	PMM1107	238	44.5	25.6	29.8
1105	PMM1108	225	49.8	23.1	27.1
1106	PMM1109	187	44.9	27.8	27.3
1107	PMM1110	76	43.4	23.7	32.9
1108	PMM1111	107	46.7	20.6	32.7
1109	PMM1112	89	37.1	30.3	32.6
1110	PMM1113	245	51.8	21.6	26.5
1111	PMM1114	168	47.0	20.8	32.1
1112	PMM1115	533	47.8	23.5	28.7
1113	PMM1116	470	47.9	23.8	28.3
1114	PMM1117	38	63.2	21.1	15.8
1115	PMM1118	35	62.9	8.6	28.6
1116	PMM1119	380	52.1	14.5	33.4
1117	PMM1120	613	41.4	25.9	32.6
1118	PMM1121	381	50.7	15.5	33.9
1119	PMM1122	171	48.5	25.7	25.7
1120	PMM1123	234	63.2	9.4	27.4
1121	PMM1124	491	41.3	17.3	41.3
1122	PMM1125	89	36.0	30.3	33.7
1123	PMM1126	671	49.0	17.9	33.1
1124	PMM1127	163	33.7	31.3	35.0
1125	PMM1128	84	40.5	22.6	36.9
1126	PMM1129	84	45.2	23.8	31.0
1127	PMM1130	91	52.7	23.1	24.2
1128	PMM1131	83	38.6	34.9	26.5
1129	PMM1132	567	41.1	25.4	33.5
1130	PMM1133	130	53.8	23.1	23.1
1131	PMM1134	96	35.4	21.9	42.7
1132	PMM1135	68	45.6	16.2	38.2
1133	PMM1136	83	57.8	19.3	22.9
1134	PMM1137	98	43.9	24.5	31.6
1135	PMM1138	363	45.7	26.7	27.5
1136	PMM1139	353	42.8	31.7	25.5
1137	PMM1140	976	44.2	28.7	27.2
1138	PMM1141	492	38.4	28.9	32.7
1139	PMM1142	404	47.3	21.3	31.4
1140	PMM1143	109	35.8	28.4	35.8
1141	PMM1144	363	46.6	22.6	30.9
1142	PMM1145	478	58.8	13.2	28.0
1143	PMM1146	98	61.2	12.2	26.5
1144	PMM1147	376	51.1	21.8	27.1
1145	PMM1148	192	38.0	31.8	30.2
1146	PMM1149	78	35.9	30.8	33.3
1147	PMM1150	458	45.2	24.2	30.6
1148	PMM1151	88	44.3	28.4	27.3
1149	PMM1152	320	41.6	27.5	30.9
1150	PMM1153	340	46.5	23.5	30.0
1151	PMM1154	174	49.4	25.9	24.7
1152	PMM1155	177	41.8	27.7	30.5
1153	PMM1156	185	54.1	21.6	24.3
1154	PMM1157	358	56.1	12.3	31.6
1155	PMM1158	460	56.7	14.1	29.1
1156	PMM1159	208	43.3	26.4	30.3
1157	PMM1160	509	44.8	25.0	30.3
1158	PMM1161	83	42.2	19.3	38.6
1159	PMM1162	602	42.0	20.9	37.0
1160	PMM1163	170	36.5	34.7	28.8
1161	PMM1164	340	43.5	24.7	31.8
1162	PMM1165	289	40.8	24.6	34.6
1163	PMM1166	129	46.5	20.9	32.6
1164	PMM1167	110	40.0	27.3	32.7
1165	PMM1168	214	36.4	26.6	36.9
1166	PMM1169	81	39.5	32.1	28.4
1167	PMM1170	216	36.1	29.2	34.7
1168	PMM1171	174	39.1	27.0	33.9
1169	PMM1172	244	43.4	24.6	32.0
1170	PMM1173	90	55.6	12.2	32.2
1171	PMM1174	74	40.5	27.0	32.4
1172	PMM1175	261	62.8	11.5	25.7
1173	PMM1176	83	39.8	32.5	27.7
1174	PMM1177	601	52.6	17.1	30.3
1175	PMM1178	364	48.6	21.2	30.2
1176	PMM1179	313	60.1	10.5	29.4
1177	PMM1180	269	49.8	27.9	22.3
1178	PMM1181	127	44.1	22.8	33.1
1179	PMM1182	191	41.9	26.2	31.9
1180	PMM1183	45	31.1	44.4	24.4
1181	PMM1184	129	41.9	24.0	34.1
1182	PMM1185	137	47.4	24.1	28.5
1183	PMM1186	379	54.1	16.6	29.3
1184	PMM1187	488	43.4	28.1	28.5
1185	PMM1188	424	40.1	27.4	32.5
1186	PMM1189	359	57.4	16.4	26.2
1187	PMM1190	100	39.0	35.0	26.0
1188	PMM1191	721	49.0	27.2	23.9
1189	PMM1192	313	40.6	27.5	31.9
1190	PMM1193	287	42.5	26.5	31.0
1191	PMM1194	72	52.8	9.7	37.5
1192	PMM1195	218	40.8	31.7	27.5
1193	PMM1196	485	44.5	24.5	30.9
1194	PMM1197	453	55.2	13.0	31.8
1195	PMM1198	457	55.8	12.7	31.5
1196	PMM1199	370	48.4	20.5	31.1
1197	PMM1200	317	48.6	23.0	28.4
1198	PMM1201	349	41.8	23.8	34.4
1199	PMM1202	284	43.3	23.2	33.5
1200	PMM1203	360	41.1	24.2	34.7
1201	PMM1204	255	44.7	23.9	31.4
1202	PMM1205	399	43.6	23.1	33.3
1203	PMM1206	463	53.3	14.3	32.4
1204	PMM1207	317	44.5	24.6	30.9
1205	PMM1208	357	42.0	26.1	31.9
1206	PMM1209	363	43.5	25.1	31.4
1207	PMM1210	341	44.6	22.0	33.4
1208	PMM1211	388	45.9	22.4	31.7
1209	PMM1212	230	43.0	28.3	28.7
1210	PMM1213	386	50.3	21.2	28.5
1211	PMM1214	216	45.8	23.6	30.6
1212	PMM1215	407	46.4	23.1	30.5
1213	PMM1216	239	43.9	24.7	31.4
1214	PMM1217	203	44.3	19.7	36.0
1215	PMM1218	500	45.8	24.4	29.8
1216	PMM1219	315	45.1	24.8	30.2
1217	PMM1220	319	39.2	28.2	32.6
1218	PMM1221	366	42.9	24.6	32.5
1219	PMM1222	327	39.1	24.8	36.1
1220	PMM1223	382	43.5	26.2	30.4
1221	PMM1224	351	47.6	22.5	29.9
1222	PMM1225	603	43.9	25.0	31.0
1223	PMM1226	226	58.8	10.6	30.5
1224	PMM1227	325	61.2	12.0	26.8
1225	PMM1228	388	43.0	22.7	34.3
1226	PMM1229	324	46.9	21.3	31.8
1227	PMM1230	309	47.6	23.6	28.8
1228	PMM1231	302	41.4	23.5	35.1
1229	PMM1232	418	40.7	23.4	35.9
1230	PMM1233	279	38.0	25.8	36.2
1231	PMM1234	343	49.6	22.4	28.0
1232	PMM1235	276	44.6	24.6	30.8
1233	PMM1236	305	47.2	23.0	29.8
1234	PMM1237	202	39.1	35.6	25.2
1235	PMM1238	335	40.9	28.4	30.7
1236	PMM1239	594	47.6	19.0	33.3
1237	PMM1240	223	37.7	28.7	33.6
1238	PMM1241	282	40.8	25.5	33.7
1239	PMM1242	330	56.1	10.3	33.6
1240	PMM1243	281	35.2	24.6	40.2
1241	PMM1244	52	67.3	11.5	21.2
1242	PMM1245	126	50.8	15.1	34.1
1243	PMM1246	610	43.6	24.8	31.6
1244	PMM1247	397	42.1	25.4	32.5
1245	PMM1248	132	38.6	26.5	34.8
1246	PMM1249	255	45.5	22.7	31.8
1247	PMM1250	130	56.2	20.8	23.1
1248	PMM1251	617	42.1	24.1	33.7
1249	PMM1252	150	56.7	18.7	24.7
1250	PMM1253	213	42.7	25.8	31.5
1251	PMM1254	324	48.5	21.3	30.2
1252	PMM1255	430	51.2	15.8	33.0
1253	PMM1256	292	42.5	28.8	28.8
1254	PMM1257	329	40.7	24.6	34.7
1255	PMM1258	382	44.0	22.8	33.2
1256	PMM1259	388	45.1	23.2	31.7
1257	PMM1260	311	43.4	21.9	34.7
1258	PMM1261	474	42.0	27.0	31.0
1259	PMM1262	207	46.4	22.7	30.9
1260	PMM1263	308	43.2	25.6	31.2
1261	PMM1264	620	52.3	25.3	22.4
1262	PMM1265	362	44.8	25.4	29.8
1263	PMM1266	166	50.6	25.3	24.1
1264	PMM1267	120	38.3	28.3	33.3
1265	PMM1268	426	45.3	27.5	27.2
1266	PMM1269	302	50.0	21.2	28.8
1267	PMM1270	335	44.8	26.0	29.3
1268	PMM1271	269	46.1	25.3	28.6
1269	PMM1272	177	55.4	11.3	33.3
1270	PMM1273	307	47.2	26.1	26.7
1271	PMM1274	351	43.6	28.8	27.6
1272	PMM1275	69	43.5	30.4	26.1
1273	PMM1276	55	30.9	32.7	36.4
1274	PMM1277	44	36.4	29.5	34.1
1275	PMM1278	218	52.3	23.4	24.3
1276	PMM1279	148	43.2	27.0	29.7
1277	PMM1280	407	44.5	27.3	28.3
1278	PMM1281	303	47.2	25.7	27.1
1279	PMM1282	175	38.9	25.7	35.4
1280	PMM1283	245	65.3	6.5	28.2
1281	PMM1284	318	48.1	24.8	27.0
1282	PMM1285	114	40.4	39.5	20.2
1283	PMM1286	498	46.6	27.9	25.5
1284	PMM1287	702	44.3	28.9	26.8
1285	PMM1288	345	44.1	27.8	28.1
1286	PMM1289	313	41.5	30.0	28.4
1287	PMM1290	521	48.4	23.4	28.2
1288	PMM1291	390	43.3	28.2	28.5
1289	PMM1292	496	52.4	16.9	30.6
